NODE_COUNT_SECTION
21
END_SECTION
VEHICLE_CAP_SECTION
8
END_SECTION
NODE_COORD_SECTION
0 1 -1
1 6823 4674
2 7692 2247
3 9135 6748
4 7721 3451
5 8304 8580
6 7501 5899
7 4687 1373
8 5429 1408
9 7877 1716
10 7260 2083
11 7096 7869
12 6539 3513
13 6272 2992
14 6471 4275
15 7110 4369
16 6462 2634
17 8476 2874
18 3961 1370
19 5555 1519
20 4422 1249
END_SECTION
NODE_DEMAND_SECTION
0 0
1 1
2 1
3 1
4 1
5 1
6 1
7 1
8 1
9 1
10 1
11 1
12 1
13 1
14 1
15 1
16 1
17 1
18 1
19 1
20 1
END_SECTION
NODE_BASE_SECTION
0
END_SECTION
BATTERY_CAPACITY_SECTION
0
END_SECTION
CONSTRUCTION_COST_BSS_SECTION
0
END_SECTION
CANDIDATE_BSS_COUNT_SECTION
21
END_SECTION
CANDIDATE_BSS_COORD_SECTION
0 1 -1
1 6823 4674
2 7692 2247
3 9135 6748
4 7721 3451
5 8304 8580
6 7501 5899
7 4687 1373
8 5429 1408
9 7877 1716
10 7260 2083
11 7096 7869
12 6539 3513
13 6272 2992
14 6471 4275
15 7110 4369
16 6462 2634
17 8476 2874
18 3961 1370
19 5555 1519
20 4422 1249
END_SECTION
END_FILE
