NODE_COUNT_SECTION
101
END_SECTION
VEHICLE_CAP_SECTION
1297
END_SECTION
NODE_COORD_SECTION
0 0 0
1 -7 9
2 -7 8
3 -15 16
4 -2 13
5 0 3
6 -9 6
7 2 5
8 -13 9
9 -15 10
10 -14 2
11 1 0
12 -40 24
13 -54 -15
14 -43 10
15 -73 -2
16 -76 4
17 -45 31
18 -29 36
19 -78 11
20 -31 25
21 -67 17
22 -31 4
23 -51 10
24 -30 -9
25 -51 24
26 -80 -10
27 -34 4
28 -45 25
29 73 32
30 78 59
31 58 53
32 57 55
33 20 85
34 -12 81
35 -8 86
36 12 33
37 19 86
38 -11 44
39 -2 67
40 25 76
41 -29 44
42 4 80
43 -2 84
44 -8 54
45 -16 34
46 -14 80
47 -17 32
48 19 39
49 -20 82
50 17 42
51 -4 5
52 -20 25
53 -12 14
54 -11 11
55 -12 4
56 -1 21
57 -1 1
58 -9 21
59 9 3
60 5 14
61 -9 27
62 -20 11
63 0 30
64 -12 15
65 -3 17
66 -58 -60
67 -71 -58
68 -32 -34
69 -59 -37
70 -48 -19
71 -71 -49
72 22 -4
73 13 -10
74 22 -17
75 13 12
76 3 -5
77 27 -4
78 2 -3
79 -2 -22
80 30 1
81 22 -6
82 -27 62
83 -20 64
84 -26 69
85 -20 66
86 -29 67
87 -84 -10
88 -69 -22
89 -79 -4
90 -84 -19
91 -63 -12
92 -76 -14
93 -70 -4
94 30 39
95 23 39
96 30 48
97 36 21
98 32 16
99 42 30
100 62 16
END_SECTION
NODE_DEMAND_SECTION
0 0
1 94
2 12
3 17
4 619
5 61
6 3
7 4
8 13
9 44
10 12
11 35
12 114
13 29
14 76
15 106
16 157
17 43
18 4
19 38
20 212
21 42
22 10
23 19
24 856
25 13
26 67
27 144
28 310
29 85
30 1061
31 344
32 22
33 15
34 219
35 44
36 370
37 74
38 82
39 3
40 39
41 54
42 22
43 171
44 65
45 405
46 19
47 7
48 586
49 15
50 149
51 141
52 9
53 261
54 4
55 5
56 21
57 25
58 86
59 86
60 124
61 123
62 11
63 41
64 279
65 149
66 9
67 65
68 155
69 6
70 83
71 11
72 735
73 4
74 56
75 26
76 5
77 34
78 13
79 1017
80 85
81 10
82 7
83 6
84 524
85 16
86 15
87 117
88 48
89 43
90 64
91 30
92 3
93 21
94 514
95 625
96 7
97 257
98 603
99 4
100 4
END_SECTION
NODE_BASE_SECTION
0
END_SECTION
BATTERY_CAPACITY_SECTION
0
END_SECTION
CONSTRUCTION_COST_BSS_SECTION
1
END_SECTION
CANDIDATE_BSS_COUNT_SECTION
101
END_SECTION
CANDIDATE_BSS_COORD_SECTION
0 0 0
1 -7 9
2 -7 8
3 -15 16
4 -2 13
5 0 3
6 -9 6
7 2 5
8 -13 9
9 -15 10
10 -14 2
11 1 0
12 -40 24
13 -54 -15
14 -43 10
15 -73 -2
16 -76 4
17 -45 31
18 -29 36
19 -78 11
20 -31 25
21 -67 17
22 -31 4
23 -51 10
24 -30 -9
25 -51 24
26 -80 -10
27 -34 4
28 -45 25
29 73 32
30 78 59
31 58 53
32 57 55
33 20 85
34 -12 81
35 -8 86
36 12 33
37 19 86
38 -11 44
39 -2 67
40 25 76
41 -29 44
42 4 80
43 -2 84
44 -8 54
45 -16 34
46 -14 80
47 -17 32
48 19 39
49 -20 82
50 17 42
51 -4 5
52 -20 25
53 -12 14
54 -11 11
55 -12 4
56 -1 21
57 -1 1
58 -9 21
59 9 3
60 5 14
61 -9 27
62 -20 11
63 0 30
64 -12 15
65 -3 17
66 -58 -60
67 -71 -58
68 -32 -34
69 -59 -37
70 -48 -19
71 -71 -49
72 22 -4
73 13 -10
74 22 -17
75 13 12
76 3 -5
77 27 -4
78 2 -3
79 -2 -22
80 30 1
81 22 -6
82 -27 62
83 -20 64
84 -26 69
85 -20 66
86 -29 67
87 -84 -10
88 -69 -22
89 -79 -4
90 -84 -19
91 -63 -12
92 -76 -14
93 -70 -4
94 30 39
95 23 39
96 30 48
97 36 21
98 32 16
99 42 30
100 62 16
END_SECTION
CANDIDATE_BSS_COST_SECTION
0 0
1 83
2 153
3 109
4 256
5 81
6 217
7 67
8 165
9 231
10 118
11 333
12 197
13 41
14 159
15 90
16 186
17 160
18 259
19 157
20 145
21 304
22 195
23 110
24 314
25 286
26 281
27 297
28 176
29 311
30 351
31 299
32 40
33 227
34 350
35 228
36 265
37 134
38 79
39 354
40 86
41 246
42 365
43 216
44 306
45 171
46 346
47 185
48 298
49 111
50 273
51 250
52 34
53 88
54 330
55 318
56 344
57 235
58 139
59 162
60 206
61 58
62 173
63 53
64 378
65 371
66 289
67 132
68 70
69 262
70 189
71 287
72 375
73 212
74 36
75 341
76 367
77 71
78 260
79 174
80 75
81 124
82 364
83 325
84 219
85 107
86 45
87 69
88 251
89 68
90 66
91 242
92 327
93 169
94 282
95 208
96 328
97 188
98 73
99 323
100 349
END_SECTION
END_FILE
