NODE_COUNT_SECTION
386
END_SECTION
VEHICLE_CAP_SECTION
65
END_SECTION
NODE_COORD_SECTION
0 5332 1525
1 5166 1480
2 5403 1631
3 5030 1372
4 5469 1830
5 5495 1832
6 5394 1844
7 5403 1868
8 5415 1875
9 5426 1876
10 5440 1885
11 5451 1891
12 5457 1926
13 5365 1877
14 5350 1843
15 5322 1844
16 5342 1861
17 5325 1869
18 5302 1823
19 5284 1862
20 5382 1890
21 5385 1886
22 5376 1887
23 5372 1896
24 5374 1873
25 5377 1863
26 5372 1845
27 5365 1832
28 5365 1822
29 5355 1865
30 5401 1893
31 5456 1933
32 5614 1855
33 5636 1867
34 5610 1913
35 5592 1934
36 5644 1923
37 5694 1892
38 5709 1917
39 5697 1919
40 5725 1953
41 5657 1948
42 5673 1965
43 5683 1971
44 5674 1973
45 5712 1992
46 5651 1974
47 5663 1989
48 5680 2006
49 5114 1669
50 5143 1670
51 5176 1590
52 5222 1620
53 5224 1592
54 5232 1587
55 5214 1635
56 5234 1641
57 5211 1666
58 5190 1739
59 5217 1759
60 5249 1770
61 5254 1761
62 5281 1778
63 5278 1783
64 5301 1784
65 5306 1792
66 5333 1799
67 5342 1796
68 5337 1816
69 5288 1762
70 5306 1748
71 5291 1746
72 5282 1730
73 5264 1739
74 5264 1718
75 5253 1718
76 5240 1730
77 5242 1716
78 5198 1714
79 5225 1689
80 5245 1668
81 5263 1661
82 5259 1632
83 5242 1624
84 5252 1605
85 5245 1583
86 5265 1583
87 5287 1595
88 5271 1614
89 5286 1629
90 5277 1651
91 5310 1588
92 5319 1588
93 5330 1605
94 5360 1595
95 5343 1616
96 5329 1617
97 5355 1636
98 5340 1644
99 5310 1612
100 5302 1629
101 5317 1636
102 5301 1672
103 5270 1678
104 5291 1678
105 5289 1687
106 5296 1718
107 5331 1709
108 5334 1727
109 5357 1749
110 5344 1755
111 5365 1771
112 5379 1773
113 5387 1778
114 5401 1775
115 5411 1790
116 5426 1801
117 5433 1813
118 5391 1811
119 5365 1806
120 5362 1811
121 5388 1740
122 5358 1727
123 5360 1704
124 5301 1688
125 5340 1659
126 5359 1654
127 5384 1658
128 5374 1626
129 5351 1670
130 5360 1678
131 5388 1635
132 5367 1612
133 5387 1676
134 5406 1653
135 5412 1673
136 5388 1610
137 5376 1603
138 5385 1593
139 5417 1613
140 5420 1642
141 5430 1676
142 5435 1666
143 5437 1682
144 5422 1696
145 5394 1708
146 5411 1762
147 5432 1787
148 5436 1768
149 5422 1749
150 5428 1739
151 5415 1724
152 5429 1716
153 5441 1714
154 5443 1751
155 5448 1774
156 5456 1777
157 5472 1790
158 5485 1818
159 5494 1808
160 5488 1802
161 5478 1775
162 5466 1761
163 5466 1753
164 5463 1740
165 5477 1726
166 5451 1735
167 5461 1711
168 5450 1703
169 5475 1679
170 5456 1664
171 5445 1665
172 5466 1673
173 5436 1640
174 5455 1647
175 5480 1657
176 5492 1669
177 5494 1662
178 5490 1636
179 5473 1626
180 5467 1621
181 5466 1593
182 5488 1608
183 5492 1619
184 5473 1582
185 5498 1585
186 5498 1598
187 5184 1614
188 5300 1647
189 5515 1581
190 5504 1632
191 5502 1721
192 5502 1746
193 5518 1675
194 5511 1688
195 5519 1729
196 5512 1736
197 5519 1778
198 5513 1804
199 5520 1708
200 5531 1754
201 5526 1793
202 5531 1580
203 5537 1696
204 5542 1733
205 5549 1703
206 5550 1722
207 5544 1752
208 5551 1585
209 5552 1691
210 5560 1714
211 5574 1723
212 5575 1732
213 5572 1755
214 5576 1770
215 5587 1743
216 5575 1791
217 5599 1777
218 5605 1762
219 5609 1804
220 5616 1779
221 5033 1340
222 5050 1348
223 5020 1365
224 5009 1375
225 5040 1368
226 5052 1374
227 5078 1376
228 5077 1387
229 5050 1386
230 5040 1387
231 5028 1396
232 5031 1405
233 5016 1447
234 5051 1412
235 5049 1427
236 5073 1405
237 5077 1421
238 5062 1434
239 5085 1440
240 5086 1427
241 5095 1419
242 5122 1427
243 5103 1445
244 5109 1447
245 5118 1452
246 5129 1437
247 5122 1458
248 5093 1468
249 5057 1460
250 5073 1466
251 5085 1492
252 5076 1481
253 5136 1467
254 5139 1496
255 5133 1503
256 5094 1500
257 5132 1515
258 5150 1520
259 5155 1458
260 5176 1468
261 5199 1472
262 5223 1472
263 5218 1489
264 5196 1499
265 5176 1502
266 5180 1484
267 5491 1481
268 5496 1501
269 5458 1544
270 5470 1490
271 5459 1494
272 5454 1489
273 5445 1495
274 5438 1496
275 5247 1483
276 5242 1508
277 5208 1506
278 5217 1523
279 5193 1512
280 5152 1546
281 5185 1564
282 5155 1569
283 5225 1561
284 5233 1549
285 5235 1535
286 5246 1524
287 5253 1509
288 5259 1508
289 5260 1565
290 5271 1554
291 5252 1543
292 5264 1536
293 5260 1531
294 5280 1515
295 5262 1525
296 5423 1505
297 5409 1508
298 5417 1523
299 5407 1561
300 5493 1474
301 5401 1512
302 5299 1521
303 5295 1531
304 5289 1565
305 5291 1552
306 5290 1577
307 5309 1541
308 5313 1559
309 5311 1529
310 5327 1535
311 5324 1513
312 5331 1570
313 5339 1562
314 5335 1533
315 5343 1543
316 5360 1572
317 5361 1540
318 5385 1568
319 5242 1556
320 5225 1515
321 5275 1533
322 5379 1521
323 5607 1345
324 5600 1360
325 5585 1365
326 5604 1384
327 5607 1409
328 5595 1422
329 5554 1446
330 5542 1459
331 5581 1460
332 5566 1469
333 5540 1468
334 5534 1469
335 5532 1474
336 5542 1478
337 5505 1471
338 5517 1543
339 5519 1561
340 5533 1561
341 5558 1551
342 5565 1557
343 5558 1577
344 5521 1573
345 5502 1570
346 5724 1463
347 5767 1472
348 5824 1487
349 5585 1572
350 5015 1332
351 5041 1321
352 5027 1305
353 5040 1301
354 5026 1295
355 4994 1302
356 5022 1288
357 5710 1247
358 5671 1223
359 5672 1325
360 5658 1274
361 5637 1296
362 5632 1311
363 5631 1332
364 5581 1332
365 5587 1754
366 5503 1791
367 5540 1584
368 5556 1809
369 5418 1818
370 5345 1825
371 5348 1686
372 5357 1558
373 5588 1786
374 5153 1468
375 5708 1347
376 5303 1653
377 5347 1820
378 5487 1547
379 5167 1495
380 5096 1521
381 5460 1688
382 5675 1187
383 5784 1331
384 5695 1979
385 5059 1597
END_SECTION
NODE_DEMAND_SECTION
0 0
1 3
2 7
3 7
4 15
5 1
6 23
7 5
8 3
9 3
10 2
11 6
12 1
13 1
14 1
15 2
16 1
17 4
18 8
19 42
20 1
21 1
22 3
23 1
24 1
25 2
26 3
27 4
28 5
29 1
30 1
31 3
32 14
33 13
34 6
35 2
36 2
37 2
38 1
39 24
40 5
41 2
42 2
43 4
44 1
45 1
46 1
47 1
48 6
49 7
50 10
51 2
52 1
53 6
54 1
55 7
56 3
57 3
58 31
59 8
60 2
61 1
62 1
63 1
64 3
65 4
66 3
67 1
68 3
69 3
70 45
71 2
72 1
73 1
74 2
75 4
76 1
77 2
78 4
79 1
80 2
81 1
82 2
83 1
84 2
85 2
86 3
87 4
88 2
89 19
90 1
91 10
92 3
93 6
94 28
95 3
96 2
97 2
98 2
99 12
100 21
101 5
102 7
103 1
104 14
105 7
106 5
107 4
108 20
109 2
110 1
111 2
112 1
113 1
114 1
115 4
116 1
117 1
118 42
119 2
120 4
121 5
122 3
123 2
124 1
125 4
126 4
127 33
128 5
129 1
130 4
131 1
132 7
133 6
134 4
135 1
136 4
137 8
138 17
139 12
140 4
141 1
142 2
143 1
144 3
145 5
146 1
147 3
148 1
149 2
150 1
151 3
152 1
153 7
154 1
155 3
156 1
157 1
158 1
159 2
160 1
161 1
162 1
163 1
164 1
165 4
166 2
167 3
168 1
169 1
170 1
171 1
172 2
173 2
174 2
175 2
176 1
177 1
178 4
179 3
180 4
181 2
182 9
183 6
184 5
185 6
186 2
187 6
188 1
189 1
190 3
191 1
192 1
193 1
194 43
195 1
196 1
197 3
198 1
199 1
200 1
201 2
202 10
203 1
204 21
205 1
206 2
207 1
208 1
209 1
210 1
211 1
212 2
213 2
214 2
215 1
216 11
217 1
218 1
219 2
220 1
221 7
222 17
223 5
224 6
225 1
226 7
227 35
228 24
229 3
230 2
231 7
232 9
233 13
234 8
235 7
236 6
237 3
238 13
239 12
240 5
241 4
242 3
243 3
244 2
245 4
246 2
247 7
248 3
249 13
250 6
251 2
252 7
253 1
254 4
255 1
256 3
257 14
258 2
259 38
260 9
261 4
262 5
263 14
264 23
265 2
266 5
267 18
268 21
269 28
270 3
271 2
272 18
273 17
274 4
275 36
276 4
277 6
278 8
279 3
280 14
281 3
282 1
283 9
284 3
285 2
286 3
287 5
288 15
289 3
290 2
291 1
292 2
293 5
294 12
295 2
296 11
297 12
298 19
299 30
300 3
301 10
302 38
303 14
304 4
305 3
306 3
307 20
308 42
309 10
310 42
311 26
312 4
313 53
314 56
315 8
316 25
317 60
318 47
319 1
320 2
321 8
322 49
323 8
324 3
325 5
326 37
327 7
328 23
329 34
330 4
331 40
332 37
333 32
334 21
335 21
336 11
337 3
338 1
339 1
340 9
341 3
342 2
343 1
344 3
345 2
346 4
347 29
348 8
349 1
350 11
351 18
352 23
353 19
354 11
355 3
356 12
357 9
358 54
359 23
360 51
361 10
362 8
363 3
364 2
365 1
366 1
367 1
368 1
369 5
370 1
371 1
372 8
373 1
374 14
375 8
376 1
377 1
378 14
379 1
380 4
381 2
382 8
383 10
384 2
385 40
END_SECTION
NODE_BASE_SECTION
0
END_SECTION
BATTERY_CAPACITY_SECTION
0
END_SECTION
CONSTRUCTION_COST_BSS_SECTION
0
END_SECTION
CANDIDATE_BSS_COUNT_SECTION
386
END_SECTION
CANDIDATE_BSS_COORD_SECTION
0 5332 1525
1 5166 1480
2 5403 1631
3 5030 1372
4 5469 1830
5 5495 1832
6 5394 1844
7 5403 1868
8 5415 1875
9 5426 1876
10 5440 1885
11 5451 1891
12 5457 1926
13 5365 1877
14 5350 1843
15 5322 1844
16 5342 1861
17 5325 1869
18 5302 1823
19 5284 1862
20 5382 1890
21 5385 1886
22 5376 1887
23 5372 1896
24 5374 1873
25 5377 1863
26 5372 1845
27 5365 1832
28 5365 1822
29 5355 1865
30 5401 1893
31 5456 1933
32 5614 1855
33 5636 1867
34 5610 1913
35 5592 1934
36 5644 1923
37 5694 1892
38 5709 1917
39 5697 1919
40 5725 1953
41 5657 1948
42 5673 1965
43 5683 1971
44 5674 1973
45 5712 1992
46 5651 1974
47 5663 1989
48 5680 2006
49 5114 1669
50 5143 1670
51 5176 1590
52 5222 1620
53 5224 1592
54 5232 1587
55 5214 1635
56 5234 1641
57 5211 1666
58 5190 1739
59 5217 1759
60 5249 1770
61 5254 1761
62 5281 1778
63 5278 1783
64 5301 1784
65 5306 1792
66 5333 1799
67 5342 1796
68 5337 1816
69 5288 1762
70 5306 1748
71 5291 1746
72 5282 1730
73 5264 1739
74 5264 1718
75 5253 1718
76 5240 1730
77 5242 1716
78 5198 1714
79 5225 1689
80 5245 1668
81 5263 1661
82 5259 1632
83 5242 1624
84 5252 1605
85 5245 1583
86 5265 1583
87 5287 1595
88 5271 1614
89 5286 1629
90 5277 1651
91 5310 1588
92 5319 1588
93 5330 1605
94 5360 1595
95 5343 1616
96 5329 1617
97 5355 1636
98 5340 1644
99 5310 1612
100 5302 1629
101 5317 1636
102 5301 1672
103 5270 1678
104 5291 1678
105 5289 1687
106 5296 1718
107 5331 1709
108 5334 1727
109 5357 1749
110 5344 1755
111 5365 1771
112 5379 1773
113 5387 1778
114 5401 1775
115 5411 1790
116 5426 1801
117 5433 1813
118 5391 1811
119 5365 1806
120 5362 1811
121 5388 1740
122 5358 1727
123 5360 1704
124 5301 1688
125 5340 1659
126 5359 1654
127 5384 1658
128 5374 1626
129 5351 1670
130 5360 1678
131 5388 1635
132 5367 1612
133 5387 1676
134 5406 1653
135 5412 1673
136 5388 1610
137 5376 1603
138 5385 1593
139 5417 1613
140 5420 1642
141 5430 1676
142 5435 1666
143 5437 1682
144 5422 1696
145 5394 1708
146 5411 1762
147 5432 1787
148 5436 1768
149 5422 1749
150 5428 1739
151 5415 1724
152 5429 1716
153 5441 1714
154 5443 1751
155 5448 1774
156 5456 1777
157 5472 1790
158 5485 1818
159 5494 1808
160 5488 1802
161 5478 1775
162 5466 1761
163 5466 1753
164 5463 1740
165 5477 1726
166 5451 1735
167 5461 1711
168 5450 1703
169 5475 1679
170 5456 1664
171 5445 1665
172 5466 1673
173 5436 1640
174 5455 1647
175 5480 1657
176 5492 1669
177 5494 1662
178 5490 1636
179 5473 1626
180 5467 1621
181 5466 1593
182 5488 1608
183 5492 1619
184 5473 1582
185 5498 1585
186 5498 1598
187 5184 1614
188 5300 1647
189 5515 1581
190 5504 1632
191 5502 1721
192 5502 1746
193 5518 1675
194 5511 1688
195 5519 1729
196 5512 1736
197 5519 1778
198 5513 1804
199 5520 1708
200 5531 1754
201 5526 1793
202 5531 1580
203 5537 1696
204 5542 1733
205 5549 1703
206 5550 1722
207 5544 1752
208 5551 1585
209 5552 1691
210 5560 1714
211 5574 1723
212 5575 1732
213 5572 1755
214 5576 1770
215 5587 1743
216 5575 1791
217 5599 1777
218 5605 1762
219 5609 1804
220 5616 1779
221 5033 1340
222 5050 1348
223 5020 1365
224 5009 1375
225 5040 1368
226 5052 1374
227 5078 1376
228 5077 1387
229 5050 1386
230 5040 1387
231 5028 1396
232 5031 1405
233 5016 1447
234 5051 1412
235 5049 1427
236 5073 1405
237 5077 1421
238 5062 1434
239 5085 1440
240 5086 1427
241 5095 1419
242 5122 1427
243 5103 1445
244 5109 1447
245 5118 1452
246 5129 1437
247 5122 1458
248 5093 1468
249 5057 1460
250 5073 1466
251 5085 1492
252 5076 1481
253 5136 1467
254 5139 1496
255 5133 1503
256 5094 1500
257 5132 1515
258 5150 1520
259 5155 1458
260 5176 1468
261 5199 1472
262 5223 1472
263 5218 1489
264 5196 1499
265 5176 1502
266 5180 1484
267 5491 1481
268 5496 1501
269 5458 1544
270 5470 1490
271 5459 1494
272 5454 1489
273 5445 1495
274 5438 1496
275 5247 1483
276 5242 1508
277 5208 1506
278 5217 1523
279 5193 1512
280 5152 1546
281 5185 1564
282 5155 1569
283 5225 1561
284 5233 1549
285 5235 1535
286 5246 1524
287 5253 1509
288 5259 1508
289 5260 1565
290 5271 1554
291 5252 1543
292 5264 1536
293 5260 1531
294 5280 1515
295 5262 1525
296 5423 1505
297 5409 1508
298 5417 1523
299 5407 1561
300 5493 1474
301 5401 1512
302 5299 1521
303 5295 1531
304 5289 1565
305 5291 1552
306 5290 1577
307 5309 1541
308 5313 1559
309 5311 1529
310 5327 1535
311 5324 1513
312 5331 1570
313 5339 1562
314 5335 1533
315 5343 1543
316 5360 1572
317 5361 1540
318 5385 1568
319 5242 1556
320 5225 1515
321 5275 1533
322 5379 1521
323 5607 1345
324 5600 1360
325 5585 1365
326 5604 1384
327 5607 1409
328 5595 1422
329 5554 1446
330 5542 1459
331 5581 1460
332 5566 1469
333 5540 1468
334 5534 1469
335 5532 1474
336 5542 1478
337 5505 1471
338 5517 1543
339 5519 1561
340 5533 1561
341 5558 1551
342 5565 1557
343 5558 1577
344 5521 1573
345 5502 1570
346 5724 1463
347 5767 1472
348 5824 1487
349 5585 1572
350 5015 1332
351 5041 1321
352 5027 1305
353 5040 1301
354 5026 1295
355 4994 1302
356 5022 1288
357 5710 1247
358 5671 1223
359 5672 1325
360 5658 1274
361 5637 1296
362 5632 1311
363 5631 1332
364 5581 1332
365 5587 1754
366 5503 1791
367 5540 1584
368 5556 1809
369 5418 1818
370 5345 1825
371 5348 1686
372 5357 1558
373 5588 1786
374 5153 1468
375 5708 1347
376 5303 1653
377 5347 1820
378 5487 1547
379 5167 1495
380 5096 1521
381 5460 1688
382 5675 1187
383 5784 1331
384 5695 1979
385 5059 1597
END_SECTION
END_FILE
