NODE_COUNT_SECTION
48
END_SECTION
VEHICLE_CAP_SECTION
15
END_SECTION
NODE_COORD_SECTION
0 1 -1
1 7692 2247
2 9135 6748
3 7721 3451
4 8304 8580
5 7501 5899
6 4687 1373
7 5429 1408
8 7877 1716
9 7260 2083
10 7096 7869
11 6539 3513
12 6272 2992
13 6471 4275
14 7110 4369
15 6462 2634
16 8476 2874
17 3961 1370
18 5555 1519
19 4422 1249
20 5584 3081
21 5776 4498
22 8035 2880
23 6963 3782
24 6336 7348
25 8139 8306
26 4326 1426
27 5164 1440
28 8389 5804
29 4639 1629
30 6344 1436
31 5840 5736
32 5972 2555
33 7947 4373
34 6929 8958
35 5366 1733
36 4550 1219
37 6901 1589
38 6316 5497
39 7010 2710
40 9005 3996
41 7576 7065
42 4246 1701
43 5906 1472
44 6469 8971
45 6152 2174
46 5887 3796
47 7203 5958
END_SECTION
NODE_DEMAND_SECTION
0 0
1 1
2 1
3 1
4 1
5 1
6 1
7 1
8 1
9 1
10 1
11 1
12 1
13 1
14 1
15 1
16 1
17 1
18 1
19 1
20 1
21 1
22 1
23 1
24 1
25 1
26 1
27 1
28 1
29 1
30 1
31 1
32 1
33 1
34 1
35 1
36 1
37 1
38 1
39 1
40 1
41 1
42 1
43 1
44 1
45 1
46 1
47 1
END_SECTION
NODE_BASE_SECTION
0
END_SECTION
BATTERY_CAPACITY_SECTION
0
END_SECTION
CONSTRUCTION_COST_BSS_SECTION
0
END_SECTION
CANDIDATE_BSS_COUNT_SECTION
48
END_SECTION
CANDIDATE_BSS_COORD_SECTION
0 1 -1
1 7692 2247
2 9135 6748
3 7721 3451
4 8304 8580
5 7501 5899
6 4687 1373
7 5429 1408
8 7877 1716
9 7260 2083
10 7096 7869
11 6539 3513
12 6272 2992
13 6471 4275
14 7110 4369
15 6462 2634
16 8476 2874
17 3961 1370
18 5555 1519
19 4422 1249
20 5584 3081
21 5776 4498
22 8035 2880
23 6963 3782
24 6336 7348
25 8139 8306
26 4326 1426
27 5164 1440
28 8389 5804
29 4639 1629
30 6344 1436
31 5840 5736
32 5972 2555
33 7947 4373
34 6929 8958
35 5366 1733
36 4550 1219
37 6901 1589
38 6316 5497
39 7010 2710
40 9005 3996
41 7576 7065
42 4246 1701
43 5906 1472
44 6469 8971
45 6152 2174
46 5887 3796
47 7203 5958
END_SECTION
END_FILE
