NODE_COUNT_SECTION
481
END_SECTION
VEHICLE_CAP_SECTION
1000
END_SECTION
NODE_COORD_SECTION
0 0 0
1 3 1
2 3 3
3 1 3
4 -1 3
5 -3 3
6 -3 1
7 -3 -1
8 -3 -3
9 -1 -3
10 1 -3
11 3 -3
12 3 -1
13 5 1
14 5 3
15 5 5
16 3 5
17 1 5
18 -1 5
19 -3 5
20 -5 5
21 -5 3
22 -5 1
23 -5 -1
24 -5 -3
25 -5 -5
26 -3 -5
27 -1 -5
28 1 -5
29 3 -5
30 5 -5
31 5 -3
32 5 -1
33 7 1
34 7 3
35 7 5
36 7 7
37 5 7
38 3 7
39 1 7
40 -1 7
41 -3 7
42 -5 7
43 -7 7
44 -7 5
45 -7 3
46 -7 1
47 -7 -1
48 -7 -3
49 -7 -5
50 -7 -7
51 -5 -7
52 -3 -7
53 -1 -7
54 1 -7
55 3 -7
56 5 -7
57 7 -7
58 7 -5
59 7 -3
60 7 -1
61 9 1
62 9 3
63 9 5
64 9 7
65 9 9
66 7 9
67 5 9
68 3 9
69 1 9
70 -1 9
71 -3 9
72 -5 9
73 -7 9
74 -9 9
75 -9 7
76 -9 5
77 -9 3
78 -9 1
79 -9 -1
80 -9 -3
81 -9 -5
82 -9 -7
83 -9 -9
84 -7 -9
85 -5 -9
86 -3 -9
87 -1 -9
88 1 -9
89 3 -9
90 5 -9
91 7 -9
92 9 -9
93 9 -7
94 9 -5
95 9 -3
96 9 -1
97 11 1
98 11 3
99 11 5
100 11 7
101 11 9
102 11 11
103 9 11
104 7 11
105 5 11
106 3 11
107 1 11
108 -1 11
109 -3 11
110 -5 11
111 -7 11
112 -9 11
113 -11 11
114 -11 9
115 -11 7
116 -11 5
117 -11 3
118 -11 1
119 -11 -1
120 -11 -3
121 -11 -5
122 -11 -7
123 -11 -9
124 -11 -11
125 -9 -11
126 -7 -11
127 -5 -11
128 -3 -11
129 -1 -11
130 1 -11
131 3 -11
132 5 -11
133 7 -11
134 9 -11
135 11 -11
136 11 -9
137 11 -7
138 11 -5
139 11 -3
140 11 -1
141 13 1
142 13 3
143 13 5
144 13 7
145 13 9
146 13 11
147 13 13
148 11 13
149 9 13
150 7 13
151 5 13
152 3 13
153 1 13
154 -1 13
155 -3 13
156 -5 13
157 -7 13
158 -9 13
159 -11 13
160 -13 13
161 -13 11
162 -13 9
163 -13 7
164 -13 5
165 -13 3
166 -13 1
167 -13 -1
168 -13 -3
169 -13 -5
170 -13 -7
171 -13 -9
172 -13 -11
173 -13 -13
174 -11 -13
175 -9 -13
176 -7 -13
177 -5 -13
178 -3 -13
179 -1 -13
180 1 -13
181 3 -13
182 5 -13
183 7 -13
184 9 -13
185 11 -13
186 13 -13
187 13 -11
188 13 -9
189 13 -7
190 13 -5
191 13 -3
192 13 -1
193 15 1
194 15 3
195 15 5
196 15 7
197 15 9
198 15 11
199 15 13
200 15 15
201 13 15
202 11 15
203 9 15
204 7 15
205 5 15
206 3 15
207 1 15
208 -1 15
209 -3 15
210 -5 15
211 -7 15
212 -9 15
213 -11 15
214 -13 15
215 -15 15
216 -15 13
217 -15 11
218 -15 9
219 -15 7
220 -15 5
221 -15 3
222 -15 1
223 -15 -1
224 -15 -3
225 -15 -5
226 -15 -7
227 -15 -9
228 -15 -11
229 -15 -13
230 -15 -15
231 -13 -15
232 -11 -15
233 -9 -15
234 -7 -15
235 -5 -15
236 -3 -15
237 -1 -15
238 1 -15
239 3 -15
240 5 -15
241 7 -15
242 9 -15
243 11 -15
244 13 -15
245 15 -15
246 15 -13
247 15 -11
248 15 -9
249 15 -7
250 15 -5
251 15 -3
252 15 -1
253 17 1
254 17 3
255 17 5
256 17 7
257 17 9
258 17 11
259 17 13
260 17 15
261 17 17
262 15 17
263 13 17
264 11 17
265 9 17
266 7 17
267 5 17
268 3 17
269 1 17
270 -1 17
271 -3 17
272 -5 17
273 -7 17
274 -9 17
275 -11 17
276 -13 17
277 -15 17
278 -17 17
279 -17 15
280 -17 13
281 -17 11
282 -17 9
283 -17 7
284 -17 5
285 -17 3
286 -17 1
287 -17 -1
288 -17 -3
289 -17 -5
290 -17 -7
291 -17 -9
292 -17 -11
293 -17 -13
294 -17 -15
295 -17 -17
296 -15 -17
297 -13 -17
298 -11 -17
299 -9 -17
300 -7 -17
301 -5 -17
302 -3 -17
303 -1 -17
304 1 -17
305 3 -17
306 5 -17
307 7 -17
308 9 -17
309 11 -17
310 13 -17
311 15 -17
312 17 -17
313 17 -15
314 17 -13
315 17 -11
316 17 -9
317 17 -7
318 17 -5
319 17 -3
320 17 -1
321 19 1
322 19 3
323 19 5
324 19 7
325 19 9
326 19 11
327 19 13
328 19 15
329 19 17
330 19 19
331 17 19
332 15 19
333 13 19
334 11 19
335 9 19
336 7 19
337 5 19
338 3 19
339 1 19
340 -1 19
341 -3 19
342 -5 19
343 -7 19
344 -9 19
345 -11 19
346 -13 19
347 -15 19
348 -17 19
349 -19 19
350 -19 17
351 -19 15
352 -19 13
353 -19 11
354 -19 9
355 -19 7
356 -19 5
357 -19 3
358 -19 1
359 -19 -1
360 -19 -3
361 -19 -5
362 -19 -7
363 -19 -9
364 -19 -11
365 -19 -13
366 -19 -15
367 -19 -17
368 -19 -19
369 -17 -19
370 -15 -19
371 -13 -19
372 -11 -19
373 -9 -19
374 -7 -19
375 -5 -19
376 -3 -19
377 -1 -19
378 1 -19
379 3 -19
380 5 -19
381 7 -19
382 9 -19
383 11 -19
384 13 -19
385 15 -19
386 17 -19
387 19 -19
388 19 -17
389 19 -15
390 19 -13
391 19 -11
392 19 -9
393 19 -7
394 19 -5
395 19 -3
396 19 -1
397 21 1
398 21 3
399 21 5
400 21 7
401 21 9
402 21 11
403 21 13
404 21 15
405 21 17
406 21 19
407 21 21
408 19 21
409 17 21
410 15 21
411 13 21
412 11 21
413 9 21
414 7 21
415 5 21
416 3 21
417 1 21
418 -1 21
419 -3 21
420 -5 21
421 -7 21
422 -9 21
423 -11 21
424 -13 21
425 -15 21
426 -17 21
427 -19 21
428 -21 21
429 -21 19
430 -21 17
431 -21 15
432 -21 13
433 -21 11
434 -21 9
435 -21 7
436 -21 5
437 -21 3
438 -21 1
439 -21 -1
440 -21 -3
441 -21 -5
442 -21 -7
443 -21 -9
444 -21 -11
445 -21 -13
446 -21 -15
447 -21 -17
448 -21 -19
449 -21 -21
450 -19 -21
451 -17 -21
452 -15 -21
453 -13 -21
454 -11 -21
455 -9 -21
456 -7 -21
457 -5 -21
458 -3 -21
459 -1 -21
460 1 -21
461 3 -21
462 5 -21
463 7 -21
464 9 -21
465 11 -21
466 13 -21
467 15 -21
468 17 -21
469 19 -21
470 21 -21
471 21 -19
472 21 -17
473 21 -15
474 21 -13
475 21 -11
476 21 -9
477 21 -7
478 21 -5
479 21 -3
480 21 -1
END_SECTION
NODE_DEMAND_SECTION
0 0
1 300
2 300
3 300
4 300
5 300
6 300
7 300
8 300
9 300
10 300
11 300
12 300
13 180
14 180
15 180
16 180
17 180
18 180
19 180
20 180
21 180
22 180
23 180
24 180
25 180
26 180
27 180
28 180
29 180
30 180
31 180
32 180
33 128
34 128
35 128
36 128
37 128
38 128
39 128
40 128
41 128
42 128
43 128
44 128
45 128
46 128
47 128
48 128
49 128
50 128
51 128
52 128
53 128
54 128
55 128
56 128
57 128
58 128
59 128
60 128
61 100
62 100
63 100
64 100
65 100
66 100
67 100
68 100
69 100
70 100
71 100
72 100
73 100
74 100
75 100
76 100
77 100
78 100
79 100
80 100
81 100
82 100
83 100
84 100
85 100
86 100
87 100
88 100
89 100
90 100
91 100
92 100
93 100
94 100
95 100
96 100
97 81
98 81
99 81
100 81
101 81
102 81
103 81
104 81
105 81
106 81
107 81
108 81
109 81
110 81
111 81
112 81
113 81
114 81
115 81
116 81
117 81
118 81
119 81
120 81
121 81
122 81
123 81
124 81
125 81
126 81
127 81
128 81
129 81
130 81
131 81
132 81
133 81
134 81
135 81
136 81
137 81
138 81
139 81
140 81
141 69
142 69
143 69
144 69
145 69
146 69
147 69
148 69
149 69
150 69
151 69
152 69
153 69
154 69
155 69
156 69
157 69
158 69
159 69
160 69
161 69
162 69
163 69
164 69
165 69
166 69
167 69
168 69
169 69
170 69
171 69
172 69
173 69
174 69
175 69
176 69
177 69
178 69
179 69
180 69
181 69
182 69
183 69
184 69
185 69
186 69
187 69
188 69
189 69
190 69
191 69
192 69
193 60
194 60
195 60
196 60
197 60
198 60
199 60
200 60
201 60
202 60
203 60
204 60
205 60
206 60
207 60
208 60
209 60
210 60
211 60
212 60
213 60
214 60
215 60
216 60
217 60
218 60
219 60
220 60
221 60
222 60
223 60
224 60
225 60
226 60
227 60
228 60
229 60
230 60
231 60
232 60
233 60
234 60
235 60
236 60
237 60
238 60
239 60
240 60
241 60
242 60
243 60
244 60
245 60
246 60
247 60
248 60
249 60
250 60
251 60
252 60
253 52
254 52
255 52
256 52
257 52
258 52
259 52
260 52
261 52
262 52
263 52
264 52
265 52
266 52
267 52
268 52
269 52
270 52
271 52
272 52
273 52
274 52
275 52
276 52
277 52
278 52
279 52
280 52
281 52
282 52
283 52
284 52
285 52
286 52
287 52
288 52
289 52
290 52
291 52
292 52
293 52
294 52
295 52
296 52
297 52
298 52
299 52
300 52
301 52
302 52
303 52
304 52
305 52
306 52
307 52
308 52
309 52
310 52
311 52
312 52
313 52
314 52
315 52
316 52
317 52
318 52
319 52
320 52
321 47
322 47
323 47
324 47
325 47
326 47
327 47
328 47
329 47
330 47
331 47
332 47
333 47
334 47
335 47
336 47
337 47
338 47
339 47
340 47
341 47
342 47
343 47
344 47
345 47
346 47
347 47
348 47
349 47
350 47
351 47
352 47
353 47
354 47
355 47
356 47
357 47
358 47
359 47
360 47
361 47
362 47
363 47
364 47
365 47
366 47
367 47
368 47
369 47
370 47
371 47
372 47
373 47
374 47
375 47
376 47
377 47
378 47
379 47
380 47
381 47
382 47
383 47
384 47
385 47
386 47
387 47
388 47
389 47
390 47
391 47
392 47
393 47
394 47
395 47
396 47
397 42
398 42
399 42
400 42
401 42
402 42
403 42
404 42
405 42
406 42
407 42
408 42
409 42
410 42
411 42
412 42
413 42
414 42
415 42
416 42
417 42
418 42
419 42
420 42
421 42
422 42
423 42
424 42
425 42
426 42
427 42
428 42
429 42
430 42
431 42
432 42
433 42
434 42
435 42
436 42
437 42
438 42
439 42
440 42
441 42
442 42
443 42
444 42
445 42
446 42
447 42
448 42
449 42
450 42
451 42
452 42
453 42
454 42
455 42
456 42
457 42
458 42
459 42
460 42
461 42
462 42
463 42
464 42
465 42
466 42
467 42
468 42
469 42
470 42
471 42
472 42
473 42
474 42
475 42
476 42
477 42
478 42
479 42
480 42
END_SECTION
NODE_BASE_SECTION
0
END_SECTION
BATTERY_CAPACITY_SECTION
0
END_SECTION
CONSTRUCTION_COST_BSS_SECTION
0
END_SECTION
CANDIDATE_BSS_COUNT_SECTION
481
END_SECTION
CANDIDATE_BSS_COORD_SECTION
0 0 0
1 3 1
2 3 3
3 1 3
4 -1 3
5 -3 3
6 -3 1
7 -3 -1
8 -3 -3
9 -1 -3
10 1 -3
11 3 -3
12 3 -1
13 5 1
14 5 3
15 5 5
16 3 5
17 1 5
18 -1 5
19 -3 5
20 -5 5
21 -5 3
22 -5 1
23 -5 -1
24 -5 -3
25 -5 -5
26 -3 -5
27 -1 -5
28 1 -5
29 3 -5
30 5 -5
31 5 -3
32 5 -1
33 7 1
34 7 3
35 7 5
36 7 7
37 5 7
38 3 7
39 1 7
40 -1 7
41 -3 7
42 -5 7
43 -7 7
44 -7 5
45 -7 3
46 -7 1
47 -7 -1
48 -7 -3
49 -7 -5
50 -7 -7
51 -5 -7
52 -3 -7
53 -1 -7
54 1 -7
55 3 -7
56 5 -7
57 7 -7
58 7 -5
59 7 -3
60 7 -1
61 9 1
62 9 3
63 9 5
64 9 7
65 9 9
66 7 9
67 5 9
68 3 9
69 1 9
70 -1 9
71 -3 9
72 -5 9
73 -7 9
74 -9 9
75 -9 7
76 -9 5
77 -9 3
78 -9 1
79 -9 -1
80 -9 -3
81 -9 -5
82 -9 -7
83 -9 -9
84 -7 -9
85 -5 -9
86 -3 -9
87 -1 -9
88 1 -9
89 3 -9
90 5 -9
91 7 -9
92 9 -9
93 9 -7
94 9 -5
95 9 -3
96 9 -1
97 11 1
98 11 3
99 11 5
100 11 7
101 11 9
102 11 11
103 9 11
104 7 11
105 5 11
106 3 11
107 1 11
108 -1 11
109 -3 11
110 -5 11
111 -7 11
112 -9 11
113 -11 11
114 -11 9
115 -11 7
116 -11 5
117 -11 3
118 -11 1
119 -11 -1
120 -11 -3
121 -11 -5
122 -11 -7
123 -11 -9
124 -11 -11
125 -9 -11
126 -7 -11
127 -5 -11
128 -3 -11
129 -1 -11
130 1 -11
131 3 -11
132 5 -11
133 7 -11
134 9 -11
135 11 -11
136 11 -9
137 11 -7
138 11 -5
139 11 -3
140 11 -1
141 13 1
142 13 3
143 13 5
144 13 7
145 13 9
146 13 11
147 13 13
148 11 13
149 9 13
150 7 13
151 5 13
152 3 13
153 1 13
154 -1 13
155 -3 13
156 -5 13
157 -7 13
158 -9 13
159 -11 13
160 -13 13
161 -13 11
162 -13 9
163 -13 7
164 -13 5
165 -13 3
166 -13 1
167 -13 -1
168 -13 -3
169 -13 -5
170 -13 -7
171 -13 -9
172 -13 -11
173 -13 -13
174 -11 -13
175 -9 -13
176 -7 -13
177 -5 -13
178 -3 -13
179 -1 -13
180 1 -13
181 3 -13
182 5 -13
183 7 -13
184 9 -13
185 11 -13
186 13 -13
187 13 -11
188 13 -9
189 13 -7
190 13 -5
191 13 -3
192 13 -1
193 15 1
194 15 3
195 15 5
196 15 7
197 15 9
198 15 11
199 15 13
200 15 15
201 13 15
202 11 15
203 9 15
204 7 15
205 5 15
206 3 15
207 1 15
208 -1 15
209 -3 15
210 -5 15
211 -7 15
212 -9 15
213 -11 15
214 -13 15
215 -15 15
216 -15 13
217 -15 11
218 -15 9
219 -15 7
220 -15 5
221 -15 3
222 -15 1
223 -15 -1
224 -15 -3
225 -15 -5
226 -15 -7
227 -15 -9
228 -15 -11
229 -15 -13
230 -15 -15
231 -13 -15
232 -11 -15
233 -9 -15
234 -7 -15
235 -5 -15
236 -3 -15
237 -1 -15
238 1 -15
239 3 -15
240 5 -15
241 7 -15
242 9 -15
243 11 -15
244 13 -15
245 15 -15
246 15 -13
247 15 -11
248 15 -9
249 15 -7
250 15 -5
251 15 -3
252 15 -1
253 17 1
254 17 3
255 17 5
256 17 7
257 17 9
258 17 11
259 17 13
260 17 15
261 17 17
262 15 17
263 13 17
264 11 17
265 9 17
266 7 17
267 5 17
268 3 17
269 1 17
270 -1 17
271 -3 17
272 -5 17
273 -7 17
274 -9 17
275 -11 17
276 -13 17
277 -15 17
278 -17 17
279 -17 15
280 -17 13
281 -17 11
282 -17 9
283 -17 7
284 -17 5
285 -17 3
286 -17 1
287 -17 -1
288 -17 -3
289 -17 -5
290 -17 -7
291 -17 -9
292 -17 -11
293 -17 -13
294 -17 -15
295 -17 -17
296 -15 -17
297 -13 -17
298 -11 -17
299 -9 -17
300 -7 -17
301 -5 -17
302 -3 -17
303 -1 -17
304 1 -17
305 3 -17
306 5 -17
307 7 -17
308 9 -17
309 11 -17
310 13 -17
311 15 -17
312 17 -17
313 17 -15
314 17 -13
315 17 -11
316 17 -9
317 17 -7
318 17 -5
319 17 -3
320 17 -1
321 19 1
322 19 3
323 19 5
324 19 7
325 19 9
326 19 11
327 19 13
328 19 15
329 19 17
330 19 19
331 17 19
332 15 19
333 13 19
334 11 19
335 9 19
336 7 19
337 5 19
338 3 19
339 1 19
340 -1 19
341 -3 19
342 -5 19
343 -7 19
344 -9 19
345 -11 19
346 -13 19
347 -15 19
348 -17 19
349 -19 19
350 -19 17
351 -19 15
352 -19 13
353 -19 11
354 -19 9
355 -19 7
356 -19 5
357 -19 3
358 -19 1
359 -19 -1
360 -19 -3
361 -19 -5
362 -19 -7
363 -19 -9
364 -19 -11
365 -19 -13
366 -19 -15
367 -19 -17
368 -19 -19
369 -17 -19
370 -15 -19
371 -13 -19
372 -11 -19
373 -9 -19
374 -7 -19
375 -5 -19
376 -3 -19
377 -1 -19
378 1 -19
379 3 -19
380 5 -19
381 7 -19
382 9 -19
383 11 -19
384 13 -19
385 15 -19
386 17 -19
387 19 -19
388 19 -17
389 19 -15
390 19 -13
391 19 -11
392 19 -9
393 19 -7
394 19 -5
395 19 -3
396 19 -1
397 21 1
398 21 3
399 21 5
400 21 7
401 21 9
402 21 11
403 21 13
404 21 15
405 21 17
406 21 19
407 21 21
408 19 21
409 17 21
410 15 21
411 13 21
412 11 21
413 9 21
414 7 21
415 5 21
416 3 21
417 1 21
418 -1 21
419 -3 21
420 -5 21
421 -7 21
422 -9 21
423 -11 21
424 -13 21
425 -15 21
426 -17 21
427 -19 21
428 -21 21
429 -21 19
430 -21 17
431 -21 15
432 -21 13
433 -21 11
434 -21 9
435 -21 7
436 -21 5
437 -21 3
438 -21 1
439 -21 -1
440 -21 -3
441 -21 -5
442 -21 -7
443 -21 -9
444 -21 -11
445 -21 -13
446 -21 -15
447 -21 -17
448 -21 -19
449 -21 -21
450 -19 -21
451 -17 -21
452 -15 -21
453 -13 -21
454 -11 -21
455 -9 -21
456 -7 -21
457 -5 -21
458 -3 -21
459 -1 -21
460 1 -21
461 3 -21
462 5 -21
463 7 -21
464 9 -21
465 11 -21
466 13 -21
467 15 -21
468 17 -21
469 19 -21
470 21 -21
471 21 -19
472 21 -17
473 21 -15
474 21 -13
475 21 -11
476 21 -9
477 21 -7
478 21 -5
479 21 -3
480 21 -1
END_SECTION
END_FILE
