NODE_COUNT_SECTION
256
END_SECTION
VEHICLE_CAP_SECTION
1000
END_SECTION
NODE_COORD_SECTION
0 0 -15
1 -1 -14
2 1 -14
3 -2 -13
4 0 -13
5 2 -13
6 -3 -12
7 -1 -12
8 1 -12
9 3 -12
10 -4 -11
11 -2 -11
12 0 -11
13 2 -11
14 4 -11
15 -5 -10
16 -3 -10
17 -1 -10
18 1 -10
19 3 -10
20 5 -10
21 -6 -9
22 -4 -9
23 -2 -9
24 0 -9
25 2 -9
26 4 -9
27 6 -9
28 -7 -8
29 -5 -8
30 -3 -8
31 -1 -8
32 1 -8
33 3 -8
34 5 -8
35 7 -8
36 -8 -7
37 -6 -7
38 -4 -7
39 -2 -7
40 0 -7
41 2 -7
42 4 -7
43 6 -7
44 8 -7
45 -9 -6
46 -7 -6
47 -5 -6
48 -3 -6
49 -1 -6
50 1 -6
51 3 -6
52 5 -6
53 7 -6
54 9 -6
55 -10 -5
56 -8 -5
57 -6 -5
58 -4 -5
59 -2 -5
60 0 -5
61 2 -5
62 4 -5
63 6 -5
64 8 -5
65 10 -5
66 -11 -4
67 -9 -4
68 -7 -4
69 -5 -4
70 -3 -4
71 -1 -4
72 1 -4
73 3 -4
74 5 -4
75 7 -4
76 9 -4
77 11 -4
78 -12 -3
79 -10 -3
80 -8 -3
81 -6 -3
82 -4 -3
83 -2 -3
84 0 -3
85 2 -3
86 4 -3
87 6 -3
88 8 -3
89 10 -3
90 12 -3
91 -13 -2
92 -11 -2
93 -9 -2
94 -7 -2
95 -5 -2
96 -3 -2
97 -1 -2
98 1 -2
99 3 -2
100 5 -2
101 7 -2
102 9 -2
103 11 -2
104 13 -2
105 -14 -1
106 -12 -1
107 -10 -1
108 -8 -1
109 -6 -1
110 -4 -1
111 -2 -1
112 0 -1
113 2 -1
114 4 -1
115 6 -1
116 8 -1
117 10 -1
118 12 -1
119 14 -1
120 -15 0
121 -13 0
122 -11 0
123 -9 0
124 -7 0
125 -5 0
126 -3 0
127 -1 0
128 1 0
129 3 0
130 5 0
131 7 0
132 9 0
133 11 0
134 13 0
135 15 0
136 -14 1
137 -12 1
138 -10 1
139 -8 1
140 -6 1
141 -4 1
142 -2 1
143 0 1
144 2 1
145 4 1
146 6 1
147 8 1
148 10 1
149 12 1
150 14 1
151 -13 2
152 -11 2
153 -9 2
154 -7 2
155 -5 2
156 -3 2
157 -1 2
158 1 2
159 3 2
160 5 2
161 7 2
162 9 2
163 11 2
164 13 2
165 -12 3
166 -10 3
167 -8 3
168 -6 3
169 -4 3
170 -2 3
171 0 3
172 2 3
173 4 3
174 6 3
175 8 3
176 10 3
177 12 3
178 -11 4
179 -9 4
180 -7 4
181 -5 4
182 -3 4
183 -1 4
184 1 4
185 3 4
186 5 4
187 7 4
188 9 4
189 11 4
190 -10 5
191 -8 5
192 -6 5
193 -4 5
194 -2 5
195 0 5
196 2 5
197 4 5
198 6 5
199 8 5
200 10 5
201 -9 6
202 -7 6
203 -5 6
204 -3 6
205 -1 6
206 1 6
207 3 6
208 5 6
209 7 6
210 9 6
211 -8 7
212 -6 7
213 -4 7
214 -2 7
215 0 7
216 2 7
217 4 7
218 6 7
219 8 7
220 -7 8
221 -5 8
222 -3 8
223 -1 8
224 1 8
225 3 8
226 5 8
227 7 8
228 -6 9
229 -4 9
230 -2 9
231 0 9
232 2 9
233 4 9
234 6 9
235 -5 10
236 -3 10
237 -1 10
238 1 10
239 3 10
240 5 10
241 -4 11
242 -2 11
243 0 11
244 2 11
245 4 11
246 -3 12
247 -1 12
248 1 12
249 3 12
250 -2 13
251 0 13
252 2 13
253 -1 14
254 1 14
255 0 15
END_SECTION
NODE_DEMAND_SECTION
0	0
1	300
2	300
3	180
4	300
5	180
6	128
7	180
8	180
9	128
10	100
11	128
12	180
13	128
14	100
15	81
16	100
17	128
18	128
19	100
20	81
21	69
22	81
23	100
24	128
25	100
26	81
27	69
28	60
29	69
30	81
31	100
32	100
33	81
34	69
35	60
36	52
37	60
38	69
39	81
40	100
41	81
42	69
43	60
44	52
45	47
46	52
47	60
48	69
49	81
50	81
51	69
52	60
53	52
54	47
55	42
56	47
57	52
58	60
59	69
60	81
61	69
62	60
63	52
64	47
65	42
66	39
67	42
68	47
69	52
70	60
71	69
72	69
73	60
74	52
75	47
76	42
77	39
78	36
79	39
80	42
81	47
82	52
83	60
84	69
85	60
86	52
87	47
88	42
89	39
90	36
91	33
92	36
93	39
94	42
95	47
96	52
97	60
98	60
99	52
100	47
101	42
102	39
103	36
104	33
105	31
106	33
107	36
108	39
109	42
110	47
111	52
112	60
113	52
114	47
115	42
116	39
117	36
118	33
119	31
120	29
121	31
122	33
123	36
124	39
125	42
126	47
127	52
128	52
129	47
130	42
131	39
132	36
133	33
134	31
135	29
136	29
137	31
138	33
139	36
140	39
141	42
142	47
143	52
144	47
145	42
146	39
147	36
148	33
149	31
150	29
151	29
152	31
153	33
154	36
155	39
156	42
157	47
158	47
159	42
160	39
161	36
162	33
163	31
164	29
165	29
166	31
167	33
168	36
169	39
170	42
171	47
172	42
173	39
174	36
175	33
176	31
177	29
178	29
179	31
180	33
181	36
182	39
183	42
184	42
185	39
186	36
187	33
188	31
189	29
190	29
191	31
192	33
193	36
194	39
195	42
196	39
197	36
198	33
199	31
200	29
201	29
202	31
203	33
204	36
205	39
206	39
207	36
208	33
209	31
210	29
211	29
212	31
213	33
214	36
215	39
216	36
217	33
218	31
219	29
220	29
221	31
222	33
223	36
224	36
225	33
226	31
227	29
228	29
229	31
230	33
231	36
232	33
233	31
234	29
235	29
236	31
237	33
238	33
239	31
240	29
241	29
242	31
243	33
244	31
245	29
246	29
247	31
248	31
249	29
250	29
251	31
252	29
253	29
254	29
255	29
END_SECTION
NODE_BASE_SECTION
0
END_SECTION
BATTERY_CAPACITY_SECTION
0
END_SECTION
CONSTRUCTION_COST_BSS_SECTION
0
END_SECTION
CANDIDATE_BSS_COUNT_SECTION
256
END_SECTION
CANDIDATE_BSS_COORD_SECTION
0 0 -15
1 -1 -14
2 1 -14
3 -2 -13
4 0 -13
5 2 -13
6 -3 -12
7 -1 -12
8 1 -12
9 3 -12
10 -4 -11
11 -2 -11
12 0 -11
13 2 -11
14 4 -11
15 -5 -10
16 -3 -10
17 -1 -10
18 1 -10
19 3 -10
20 5 -10
21 -6 -9
22 -4 -9
23 -2 -9
24 0 -9
25 2 -9
26 4 -9
27 6 -9
28 -7 -8
29 -5 -8
30 -3 -8
31 -1 -8
32 1 -8
33 3 -8
34 5 -8
35 7 -8
36 -8 -7
37 -6 -7
38 -4 -7
39 -2 -7
40 0 -7
41 2 -7
42 4 -7
43 6 -7
44 8 -7
45 -9 -6
46 -7 -6
47 -5 -6
48 -3 -6
49 -1 -6
50 1 -6
51 3 -6
52 5 -6
53 7 -6
54 9 -6
55 -10 -5
56 -8 -5
57 -6 -5
58 -4 -5
59 -2 -5
60 0 -5
61 2 -5
62 4 -5
63 6 -5
64 8 -5
65 10 -5
66 -11 -4
67 -9 -4
68 -7 -4
69 -5 -4
70 -3 -4
71 -1 -4
72 1 -4
73 3 -4
74 5 -4
75 7 -4
76 9 -4
77 11 -4
78 -12 -3
79 -10 -3
80 -8 -3
81 -6 -3
82 -4 -3
83 -2 -3
84 0 -3
85 2 -3
86 4 -3
87 6 -3
88 8 -3
89 10 -3
90 12 -3
91 -13 -2
92 -11 -2
93 -9 -2
94 -7 -2
95 -5 -2
96 -3 -2
97 -1 -2
98 1 -2
99 3 -2
100 5 -2
101 7 -2
102 9 -2
103 11 -2
104 13 -2
105 -14 -1
106 -12 -1
107 -10 -1
108 -8 -1
109 -6 -1
110 -4 -1
111 -2 -1
112 0 -1
113 2 -1
114 4 -1
115 6 -1
116 8 -1
117 10 -1
118 12 -1
119 14 -1
120 -15 0
121 -13 0
122 -11 0
123 -9 0
124 -7 0
125 -5 0
126 -3 0
127 -1 0
128 1 0
129 3 0
130 5 0
131 7 0
132 9 0
133 11 0
134 13 0
135 15 0
136 -14 1
137 -12 1
138 -10 1
139 -8 1
140 -6 1
141 -4 1
142 -2 1
143 0 1
144 2 1
145 4 1
146 6 1
147 8 1
148 10 1
149 12 1
150 14 1
151 -13 2
152 -11 2
153 -9 2
154 -7 2
155 -5 2
156 -3 2
157 -1 2
158 1 2
159 3 2
160 5 2
161 7 2
162 9 2
163 11 2
164 13 2
165 -12 3
166 -10 3
167 -8 3
168 -6 3
169 -4 3
170 -2 3
171 0 3
172 2 3
173 4 3
174 6 3
175 8 3
176 10 3
177 12 3
178 -11 4
179 -9 4
180 -7 4
181 -5 4
182 -3 4
183 -1 4
184 1 4
185 3 4
186 5 4
187 7 4
188 9 4
189 11 4
190 -10 5
191 -8 5
192 -6 5
193 -4 5
194 -2 5
195 0 5
196 2 5
197 4 5
198 6 5
199 8 5
200 10 5
201 -9 6
202 -7 6
203 -5 6
204 -3 6
205 -1 6
206 1 6
207 3 6
208 5 6
209 7 6
210 9 6
211 -8 7
212 -6 7
213 -4 7
214 -2 7
215 0 7
216 2 7
217 4 7
218 6 7
219 8 7
220 -7 8
221 -5 8
222 -3 8
223 -1 8
224 1 8
225 3 8
226 5 8
227 7 8
228 -6 9
229 -4 9
230 -2 9
231 0 9
232 2 9
233 4 9
234 6 9
235 -5 10
236 -3 10
237 -1 10
238 1 10
239 3 10
240 5 10
241 -4 11
242 -2 11
243 0 11
244 2 11
245 4 11
246 -3 12
247 -1 12
248 1 12
249 3 12
250 -2 13
251 0 13
252 2 13
253 -1 14
254 1 14
255 0 15
END_SECTION
END_FILE
