NODE_COUNT_SECTION
22
END_SECTION
VEHICLE_CAP_SECTION
3000
END_SECTION
NODE_COORD_SECTION
0 1 -1
1 151 264
2 159 261
3 130 254
4 128 252
5 163 247
6 146 246
7 161 242
8 142 239
9 163 236
10 148 232
11 128 231
12 156 217
13 129 214
14 146 208
15 164 208
16 141 206
17 147 193
18 164 193
19 129 189
20 155 185
21 139 182
END_SECTION
NODE_DEMAND_SECTION
0 0
1 1100
2 700
3 800
4 1400
5 2100
6 400
7 800
8 100
9 500
10 600
11 1200
12 1300
13 1300
14 300
15 900
16 2100
17 1000
18 900
19 2500
20 1800
21 700
END_SECTION
NODE_BASE_SECTION
0
END_SECTION
BATTERY_CAPACITY_SECTION
0
END_SECTION
CONSTRUCTION_COST_BSS_SECTION
0
END_SECTION
CANDIDATE_BSS_COUNT_SECTION
22
END_SECTION
CANDIDATE_BSS_COORD_SECTION
0 1 -1
1 151 264
2 159 261
3 130 254
4 128 252
5 163 247
6 146 246
7 161 242
8 142 239
9 163 236
10 148 232
11 128 231
12 156 217
13 129 214
14 146 208
15 164 208
16 141 206
17 147 193
18 164 193
19 129 189
20 155 185
21 139 182
END_SECTION
END_FILE
