NODE_COUNT_SECTION
70
END_SECTION
VEHICLE_CAP_SECTION
135
END_SECTION
NODE_COORD_SECTION
0 1 -1
1 22 22
2 36 26
3 21 45
4 45 35
5 55 20
6 33 34
7 50 50
8 55 45
9 26 59
10 40 66
11 55 65
12 35 51
13 62 35
14 62 57
15 62 24
16 21 36
17 33 44
18 9 56
19 62 48
20 66 14
21 44 13
22 26 13
23 11 28
24 7 43
25 17 64
26 41 46
27 55 34
28 35 16
29 52 26
30 43 26
31 31 76
32 22 53
33 26 29
34 50 40
35 55 50
36 54 10
37 60 15
38 47 66
39 30 60
40 30 50
41 12 17
42 15 14
43 16 19
44 21 48
45 50 30
46 51 42
47 50 15
48 48 21
49 12 38
50 15 56
51 29 39
52 54 38
53 55 57
54 67 41
55 10 70
56 6 25
57 65 27
58 40 60
59 70 64
60 64 4
61 36 6
62 30 20
63 20 30
64 15 5
65 50 70
66 57 72
67 45 42
68 38 33
69 50 4
END_SECTION
NODE_DEMAND_SECTION
0 0
1 18
2 26
3 11
4 30
5 21
6 19
7 15
8 16
9 29
10 26
11 37
12 16
13 12
14 31
15 8
16 19
17 20
18 13
19 15
20 22
21 28
22 12
23 6
24 27
25 14
26 18
27 17
28 29
29 13
30 22
31 25
32 28
33 27
34 19
35 10
36 12
37 14
38 24
39 16
40 33
41 15
42 11
43 18
44 17
45 21
46 27
47 19
48 20
49 5
50 22
51 12
52 19
53 22
54 16
55 7
56 26
57 14
58 21
59 24
60 13
61 15
62 18
63 11
64 28
65 9
66 37
67 30
68 10
69 8
END_SECTION
NODE_BASE_SECTION
0
END_SECTION
BATTERY_CAPACITY_SECTION
0
END_SECTION
CONSTRUCTION_COST_BSS_SECTION
1
END_SECTION
CANDIDATE_BSS_COUNT_SECTION
70
END_SECTION
CANDIDATE_BSS_COORD_SECTION
0 1 -1
1 22 22
2 36 26
3 21 45
4 45 35
5 55 20
6 33 34
7 50 50
8 55 45
9 26 59
10 40 66
11 55 65
12 35 51
13 62 35
14 62 57
15 62 24
16 21 36
17 33 44
18 9 56
19 62 48
20 66 14
21 44 13
22 26 13
23 11 28
24 7 43
25 17 64
26 41 46
27 55 34
28 35 16
29 52 26
30 43 26
31 31 76
32 22 53
33 26 29
34 50 40
35 55 50
36 54 10
37 60 15
38 47 66
39 30 60
40 30 50
41 12 17
42 15 14
43 16 19
44 21 48
45 50 30
46 51 42
47 50 15
48 48 21
49 12 38
50 15 56
51 29 39
52 54 38
53 55 57
54 67 41
55 10 70
56 6 25
57 65 27
58 40 60
59 70 64
60 64 4
61 36 6
62 30 20
63 20 30
64 15 5
65 50 70
66 57 72
67 45 42
68 38 33
69 50 4
END_SECTION
CANDIDATE_BSS_COST_SECTION
0 0
1 58
2 80
3 59
4 127
5 46
6 115
7 153
8 62
9 100
10 160
11 119
12 219
13 43
14 74
15 180
16 56
17 204
18 231
19 235
20 117
21 104
22 76
23 75
24 232
25 162
26 97
27 142
28 234
29 213
30 174
31 47
32 94
33 192
34 134
35 220
36 227
37 207
38 135
39 101
40 181
41 150
42 147
43 179
44 106
45 169
46 95
47 189
48 28
49 144
50 237
51 60
52 88
53 190
54 193
55 203
56 131
57 198
58 78
59 87
60 202
61 49
62 91
63 132
64 214
65 34
66 72
67 112
68 71
69 79
END_SECTION
END_FILE
