NODE_COUNT_SECTION
21
END_SECTION
VEHICLE_COUNT_SECTION
4
END_SECTION
VEHICLE_CAP_SECTION
8
END_SECTION
NODE_COORD_SECTION
0 1 -1
1 8389 5804
2 4639 1629
3 6344 1436
4 5840 5736
5 5972 2555
6 7947 4373
7 6929 8958
8 5366 1733
9 4550 1219
10 6901 1589
11 6316 5497
12 7010 2710
13 9005 3996
14 7576 7065
15 4246 1701
16 5906 1472
17 6469 8971
18 6152 2174
19 5887 3796
20 7203 5958
END_SECTION
NODE_DEMAND_SECTION
0 0
1 1
2 1
3 1
4 1
5 1
6 1
7 1
8 1
9 1
10 1
11 1
12 1
13 1
14 1
15 1
16 1
17 1
18 1
19 1
20 1
END_SECTION
NODE_BASE_SECTION
0
END_SECTION
BATTERY_CAPACITY_SECTION
0
END_SECTION
CONSTRUCTION_COST_BSS_SECTION
0
END_SECTION
CANDIDATE_BSS_COUNT_SECTION
21
END_SECTION
CANDIDATE_BSS_COORD_SECTION
0 1 -1
1 8389 5804
2 4639 1629
3 6344 1436
4 5840 5736
5 5972 2555
6 7947 4373
7 6929 8958
8 5366 1733
9 4550 1219
10 6901 1589
11 6316 5497
12 7010 2710
13 9005 3996
14 7576 7065
15 4246 1701
16 5906 1472
17 6469 8971
18 6152 2174
19 5887 3796
20 7203 5958
END_SECTION
END_FILE
