NODE_COUNT_SECTION
151
END_SECTION
VEHICLE_CAP_SECTION
1544
END_SECTION
NODE_COORD_SECTION
0 0 0
1 -4 106
2 -11 106
3 -12 115
4 4 123
5 7 113
6 -13 125
7 -11 105
8 8 107
9 6 111
10 0 125
11 8 118
12 4 114
13 0 113
14 -5 109
15 -11 112
16 6 106
17 -11 123
18 -6 126
19 26 -33
20 34 -38
21 26 -44
22 28 -36
23 30 -39
24 44 -31
25 43 -27
26 45 -22
27 37 -44
28 32 -23
29 35 -41
30 48 -27
31 41 -35
32 45 -41
33 43 -36
34 34 -38
35 43 -23
36 32 -41
37 33 -24
38 48 -26
39 102 85
40 90 69
41 95 88
42 79 74
43 77 89
44 99 81
45 99 80
46 81 84
47 77 69
48 86 85
49 82 89
50 86 86
51 84 87
52 23 14
53 13 4
54 13 7
55 16 2
56 17 -1
57 16 3
58 13 10
59 23 11
60 15 5
61 17 -1
62 11 0
63 19 1
64 14 3
65 18 -3
66 118 8
67 99 21
68 106 -5
69 124 8
70 104 3
71 126 4
72 115 7
73 110 -3
74 98 -6
75 111 13
76 -67 90
77 -56 96
78 -56 97
79 -57 100
80 -54 101
81 -50 96
82 -64 103
83 -63 103
84 -57 100
85 -53 106
86 -57 96
87 -67 97
88 -61 98
89 -66 95
90 -51 104
91 -62 95
92 -67 106
93 -51 102
94 -86 87
95 -82 78
96 -92 86
97 -86 78
98 6 67
99 13 59
100 21 66
101 8 59
102 20 70
103 1 62
104 19 57
105 15 70
106 20 55
107 8 51
108 3 54
109 18 68
110 12 53
111 3 65
112 4 62
113 19 52
114 92 -28
115 92 -26
116 80 -28
117 91 -18
118 93 -24
119 76 -15
120 88 -33
121 83 -28
122 86 -23
123 92 -20
124 82 -29
125 88 -29
126 82 -27
127 88 -13
128 83 -29
129 90 -17
130 49 -4
131 58 -6
132 64 -7
133 54 -15
134 66 -3
135 65 -13
136 57 -20
137 38 -2
138 -44 88
139 -36 100
140 -37 98
141 -39 110
142 -34 111
143 -47 111
144 -28 105
145 -38 98
146 -32 91
147 -25 97
148 -46 111
149 -36 107
150 -35 92
END_SECTION
NODE_DEMAND_SECTION
0 0
1 13
2 122
3 30
4 3
5 5
6 422
7 13
8 22
9 173
10 41
11 8
12 8
13 110
14 198
15 384
16 193
17 238
18 265
19 3
20 469
21 7
22 6
23 108
24 10
25 40
26 635
27 49
28 149
29 403
30 42
31 70
32 201
33 66
34 526
35 6
36 279
37 160
38 3
39 4
40 105
41 46
42 474
43 7
44 7
45 99
46 126
47 119
48 46
49 273
50 91
51 294
52 4
53 81
54 285
55 90
56 462
57 65
58 6
59 4
60 529
61 165
62 4
63 394
64 3
65 60
66 899
67 169
68 10
69 47
70 37
71 23
72 25
73 444
74 3
75 99
76 58
77 7
78 11
79 15
80 381
81 7
82 39
83 502
84 115
85 85
86 3
87 136
88 111
89 66
90 50
91 252
92 4
93 119
94 746
95 6
96 51
97 322
98 1023
99 5
100 10
101 153
102 29
103 13
104 3
105 4
106 70
107 9
108 147
109 3
110 10
111 4
112 439
113 14
114 729
115 29
116 3
117 98
118 113
119 122
120 11
121 90
122 789
123 6
124 179
125 3
126 3
127 21
128 869
129 246
130 10
131 36
132 14
133 134
134 175
135 32
136 20
137 212
138 45
139 173
140 240
141 16
142 27
143 61
144 203
145 5
146 369
147 81
148 128
149 406
150 32
END_SECTION
NODE_BASE_SECTION
0
END_SECTION
BATTERY_CAPACITY_SECTION
0
END_SECTION
CONSTRUCTION_COST_BSS_SECTION
1
END_SECTION
CANDIDATE_BSS_COUNT_SECTION
151
END_SECTION
CANDIDATE_BSS_COORD_SECTION
0 0 0
1 -4 106
2 -11 106
3 -12 115
4 4 123
5 7 113
6 -13 125
7 -11 105
8 8 107
9 6 111
10 0 125
11 8 118
12 4 114
13 0 113
14 -5 109
15 -11 112
16 6 106
17 -11 123
18 -6 126
19 26 -33
20 34 -38
21 26 -44
22 28 -36
23 30 -39
24 44 -31
25 43 -27
26 45 -22
27 37 -44
28 32 -23
29 35 -41
30 48 -27
31 41 -35
32 45 -41
33 43 -36
34 34 -38
35 43 -23
36 32 -41
37 33 -24
38 48 -26
39 102 85
40 90 69
41 95 88
42 79 74
43 77 89
44 99 81
45 99 80
46 81 84
47 77 69
48 86 85
49 82 89
50 86 86
51 84 87
52 23 14
53 13 4
54 13 7
55 16 2
56 17 -1
57 16 3
58 13 10
59 23 11
60 15 5
61 17 -1
62 11 0
63 19 1
64 14 3
65 18 -3
66 118 8
67 99 21
68 106 -5
69 124 8
70 104 3
71 126 4
72 115 7
73 110 -3
74 98 -6
75 111 13
76 -67 90
77 -56 96
78 -56 97
79 -57 100
80 -54 101
81 -50 96
82 -64 103
83 -63 103
84 -57 100
85 -53 106
86 -57 96
87 -67 97
88 -61 98
89 -66 95
90 -51 104
91 -62 95
92 -67 106
93 -51 102
94 -86 87
95 -82 78
96 -92 86
97 -86 78
98 6 67
99 13 59
100 21 66
101 8 59
102 20 70
103 1 62
104 19 57
105 15 70
106 20 55
107 8 51
108 3 54
109 18 68
110 12 53
111 3 65
112 4 62
113 19 52
114 92 -28
115 92 -26
116 80 -28
117 91 -18
118 93 -24
119 76 -15
120 88 -33
121 83 -28
122 86 -23
123 92 -20
124 82 -29
125 88 -29
126 82 -27
127 88 -13
128 83 -29
129 90 -17
130 49 -4
131 58 -6
132 64 -7
133 54 -15
134 66 -3
135 65 -13
136 57 -20
137 38 -2
138 -44 88
139 -36 100
140 -37 98
141 -39 110
142 -34 111
143 -47 111
144 -28 105
145 -38 98
146 -32 91
147 -25 97
148 -46 111
149 -36 107
150 -35 92
END_SECTION
CANDIDATE_BSS_COST_SECTION
0 0
1 51
2 210
3 211
4 77
5 144
6 146
7 270
8 266
9 259
10 196
11 166
12 131
13 194
14 169
15 229
16 128
17 99
18 141
19 183
20 117
21 169
22 211
23 38
24 238
25 233
26 79
27 43
28 173
29 148
30 97
31 57
32 178
33 43
34 99
35 218
36 117
37 72
38 227
39 200
40 174
41 221
42 131
43 78
44 142
45 247
46 88
47 72
48 150
49 189
50 214
51 102
52 239
53 84
54 150
55 49
56 96
57 249
58 128
59 157
60 232
61 218
62 127
63 252
64 240
65 158
66 158
67 226
68 167
69 114
70 222
71 163
72 95
73 80
74 150
75 142
76 90
77 215
78 158
79 174
80 187
81 103
82 47
83 246
84 201
85 101
86 189
87 134
88 130
89 104
90 146
91 196
92 163
93 153
94 249
95 48
96 252
97 153
98 61
99 259
100 169
101 175
102 97
103 137
104 167
105 151
106 133
107 173
108 85
109 242
110 69
111 173
112 182
113 230
114 149
115 210
116 270
117 100
118 45
119 251
120 50
121 62
122 96
123 68
124 47
125 209
126 175
127 183
128 181
129 153
130 272
131 221
132 214
133 42
134 244
135 39
136 83
137 236
138 174
139 197
140 117
141 62
142 106
143 120
144 218
145 142
146 122
147 164
148 87
149 162
150 217
END_SECTION
END_FILE
