NODE_COUNT_SECTION
76
END_SECTION
VEHICLE_CAP_SECTION
1679
END_SECTION
NODE_COORD_SECTION
0 0 0
1 -2 -5
2 3 -1
3 -2 7
4 3 0
5 7 -3
6 -5 -1
7 -3 0
8 0 -3
9 4 1
10 4 -5
11 -2 -4
12 5 -5
13 -4 1
14 -2 3
15 7 2
16 -13 80
17 -6 88
18 -16 83
19 -14 77
20 -26 88
21 -24 79
22 -25 78
23 -11 80
24 -5 88
25 -21 90
26 -5 82
27 -20 80
28 -6 91
29 -25 89
30 -25 74
31 -8 88
32 -21 74
33 -23 74
34 -5 87
35 -8 91
36 -3 -8
37 -30 15
38 -14 24
39 -12 11
40 -1 7
41 2 14
42 -26 15
43 -36 2
44 -29 7
45 -1 28
46 -7 17
47 -10 31
48 -20 -2
49 -33 20
50 -26 0
51 -13 9
52 -8 12
53 -35 -8
54 -33 23
55 10 -70
56 8 -95
57 -12 -101
58 6 -113
59 -17 -76
60 -23 -102
61 11 -104
62 -19 -96
63 -13 -79
64 -53 -32
65 -78 -2
66 -87 -61
67 -60 -32
68 -6 -12
69 10 -16
70 -7 -11
71 0 3
72 10 2
73 -1 -15
74 1 -3
75 15 -2
END_SECTION
NODE_DEMAND_SECTION
0 0
1 1066
2 841
3 74
4 687
5 175
6 183
7 124
8 4
9 81
10 56
11 29
12 23
13 4
14 9
15 7
16 181
17 54
18 884
19 822
20 637
21 59
22 140
23 531
24 58
25 15
26 11
27 185
28 159
29 285
30 4
31 10
32 3
33 4
34 11
35 45
36 4
37 225
38 286
39 262
40 4
41 391
42 54
43 518
44 815
45 25
46 29
47 18
48 588
49 68
50 480
51 5
52 16
53 34
54 5
55 9
56 22
57 120
58 152
59 21
60 44
61 676
62 17
63 764
64 13
65 6
66 718
67 52
68 11
69 93
70 398
71 48
72 37
73 3
74 8
75 406
END_SECTION
NODE_BASE_SECTION
0
END_SECTION
BATTERY_CAPACITY_SECTION
0
END_SECTION
CONSTRUCTION_COST_BSS_SECTION
1
END_SECTION
CANDIDATE_BSS_COUNT_SECTION
76
END_SECTION
CANDIDATE_BSS_COORD_SECTION
0 0 0
1 -2 -5
2 3 -1
3 -2 7
4 3 0
5 7 -3
6 -5 -1
7 -3 0
8 0 -3
9 4 1
10 4 -5
11 -2 -4
12 5 -5
13 -4 1
14 -2 3
15 7 2
16 -13 80
17 -6 88
18 -16 83
19 -14 77
20 -26 88
21 -24 79
22 -25 78
23 -11 80
24 -5 88
25 -21 90
26 -5 82
27 -20 80
28 -6 91
29 -25 89
30 -25 74
31 -8 88
32 -21 74
33 -23 74
34 -5 87
35 -8 91
36 -3 -8
37 -30 15
38 -14 24
39 -12 11
40 -1 7
41 2 14
42 -26 15
43 -36 2
44 -29 7
45 -1 28
46 -7 17
47 -10 31
48 -20 -2
49 -33 20
50 -26 0
51 -13 9
52 -8 12
53 -35 -8
54 -33 23
55 10 -70
56 8 -95
57 -12 -101
58 6 -113
59 -17 -76
60 -23 -102
61 11 -104
62 -19 -96
63 -13 -79
64 -53 -32
65 -78 -2
66 -87 -61
67 -60 -32
68 -6 -12
69 10 -16
70 -7 -11
71 0 3
72 10 2
73 -1 -15
74 1 -3
75 15 -2
END_SECTION
CANDIDATE_BSS_COST_SECTION
0 0
1 145
2 379
3 193
4 276
5 109
6 271
7 114
8 44
9 256
10 216
11 206
12 96
13 159
14 228
15 83
16 310
17 370
18 79
19 376
20 168
21 226
22 329
23 295
24 127
25 293
26 304
27 302
28 312
29 178
30 66
31 341
32 39
33 232
34 46
35 54
36 107
37 133
38 284
39 299
40 263
41 131
42 353
43 192
44 120
45 51
46 188
47 259
48 33
49 207
50 143
51 52
52 215
53 88
54 332
55 176
56 371
57 378
58 36
59 365
60 105
61 239
62 118
63 359
64 158
65 351
66 130
67 163
68 199
69 152
70 321
71 78
72 350
73 325
74 255
75 86
END_SECTION
END_FILE
